130
130
129
129
129
134
255
255
136
254
128
128
136
128
136
134
135
134
254
130
144
131
255
255
135
254
133
255
129
134
135
134
254
128
160
131
255
128
128
131
255
255
135
254
133
255
129
134
135
134
254
128
160
131
255
128
128
131
255
255
135
254
133
255
129
134
135
134
254
128
144
131
255
128
128
134
135
134
254
128
160
131
255
255
135
254
133
255
129
131
255
132
129
134
135
134
254
128
144
131
255
255
135
254
133
255
129
134
135
134
254
128
152
131
255
128
128
131
254
129
128
134
135
134
254
128
152
131
255
128
128
131
254
129
128
134
135
134
254
128
160
131
255
128
128
131
255
255
135
254
133
255
128
134
135
134
254
128
152
131
255
128
128
131
254
129
128
134
135
134
254
128
152
131
255
128
128
131
254
129
128
134
135
134
254
128
152
131
255
128
128
130
254
129
128
134
135
134
254
128
160
131
255
128
128
131
255
255
135
254
133
255
129
134
135
134
254
128
152
131
255
128
128
130
254
129
128
134
135
134
254
128
160
131
255
128
128
131
255
255
135
254
133
255
129
134
135
134
254
128
152
131
255
128
128
130
254
129
128
134
135
134
254
128
152
131
255
128
128
130
254
129
128
134
135
134
254
129
144
131
255
128
128
134
135
134
254
128
152
131
255
128
128
130
254
129
128
134
135
134
254
128
152
131
255
128
128
130
254
129
128
134
128
131
129
132
WordSize
136
254
129
132
CharSize
130
254
129
132
MaxChar
127
127
131
254
129
132
SetUpperLimit
64
128
254
129
132
MaxInt
127
127
127
127
127
127
127
127
127
128
254
129
132
MinInt
0
0
0
0
0
0
0
0
0
255
254
129
132
MaxIdentLen
191
254
129
132
MaxStrLen
127
129
254
129
132
MaxExtension
136
254
129
132
MaxRecordTypes
0
132
254
129
132
cHead
128
254
129
132
cModule
129
254
129
132
cVar
130
254
129
132
cRef
131
254
129
132
cConst
132
254
129
132
cField
133
254
129
132
cType
134
254
129
132
cProc
135
254
129
132
cSproc
136
254
129
132
mReg
137
254
129
132
mRegI
138
254
129
132
mCond
139
254
129
132
mXreg
140
254
129
132
clsVariable
12
136
254
131
132
clsValue
28
189
254
131
132
tInteger
128
254
129
132
tBoolean
129
254
129
132
tSet
130
254
129
132
tChar
131
254
129
132
tReal
132
254
129
132
tPointer
133
254
129
132
tProcedure
134
254
129
132
tArray
135
254
129
132
tRecord
136
254
129
132
tString
137
254
129
132
tNil
138
254
129
132
tAddress
139
254
129
132
typeSimple
159
254
131
132
typeAddress
96
144
254
131
132
typePointer
32
144
254
131
132
typeScalar
127
144
254
131
132
typeNumberic
145
254
131
132
typeCharacter
8
132
254
131
132
typeHasExt
32
130
254
131
132
ExitProcess
200
254
129
132
LoadLibraryW
208
254
129
132
GetProcAddress
216
254
129
132
GetProcessHeap
224
254
129
132
HeapAlloc
232
254
129
132
HeapFree
240
254
129
134
255
255
135
254
133
64
128
134
255
255
135
254
133
0
130
134
255
255
133
255
255
136
254
128
128
120
128
131
136
133
254
129
128
133
254
129
136
133
254
129
144
133
254
129
152
133
254
129
160
133
254
129
168
133
254
129
176
133
254
129
184
133
254
129
64
128
133
254
129
72
128
133
254
129
80
128
133
254
129
88
128
133
255
130
96
128
133
255
255
133
255
255
136
254
128
128
72
129
132
136
133
254
130
128
133
254
130
129
133
254
130
130
133
255
128
132
133
254
129
8
129
133
254
129
16
129
133
255
130
24
129
133
255
132
32
129
133
255
132
40
129
133
255
132
48
129
133
254
129
56
129
133
254
129
64
129
134
104
128
133
255
132
112
128
134
134
255
132
134
255
131
134
255
133
134
255
255
136
254
128
128
72
128
130
136
133
254
130
128
133
254
130
129
133
254
129
136
133
254
129
144
133
255
132
152
133
255
130
160
133
254
129
168
133
254
129
176
133
254
129
184
133
254
129
64
128
134
130
255
132
130
255
130
130
255
130
130
255
130
130
255
130
130
255
130
130
255
130
130
255
130
130
255
130
130
255
130
130
255
130
130
255
130
130
255
255
135
255
130
160
130
254
129
130
255
255
136
254
128
128
135
128
129
133
254
130
128
133
254
130
129
133
254
130
130
133
254
130
131
133
254
130
132
133
254
130
133
133
254
130
134
134
135
134
254
130
160
131
255
255
135
254
133
255
129
131
255
137
129
134
135
134
254
128
144
131
255
130
128
130
254
129
128
134
135
134
254
128
152
131
128
255
136
254
128
128
136
128
136
129
134
128
130
254
129
128
134
135
134
254
128
152
131
128
138
128
131
254
129
128
134
135
134
254
128
144
131
255
255
135
254
133
255
129
134
135
134
254
128
128
134
135
134
254
128
128
134
128
No errors found.
Code size: 2666
Global variables size: 131456
Static data size: 514
